End state: [0,1,2,3,4,5,6,7,8]

Test 1 go([1,2,5,3,4,0,6,7,8],[0,1,2,3,4,5,6,7,8]).
Test 2 go([1,2,5,6,3,8,4,7,0],[0,1,2,3,4,5,6,7,8]).
Test 3 go([6,0,2,4,1,5,7,3,8],[0,1,2,3,4,5,6,7,8]).
Test 4 go([7,2,4,5,0,6,8,3,1],[0,1,2,3,4,5,6,7,8]).
Test 5 go([4,6,5,7,2,1,0,3,8],[0,1,2,3,4,5,6,7,8]).
Test 6 go([7,4,5,6,0,8,1,2,3],[0,1,2,3,4,5,6,7,8]).
Test 7 go([7,8,4,1,6,2,0,3,5],[0,1,2,3,4,5,6,7,8]).
Test 8 go([8,0,2,7,4,6,1,3,5],[0,1,2,3,4,5,6,7,8]).
Test 9 go([0,2,6,8,1,5,4,7,3],[0,1,2,3,4,5,6,7,8]).
Test 10 go([8,7,6,5,4,3,2,1,0],[0,1,2,3,4,5,6,7,8]).



NEW TESTS: (need 5)
[1,8,0,4,3,6,2,7,5]
[1,5,3,4,0,8,2,6,7]
[0,7,1,2,3,5,4,8,6]
[1,5,2,8,0,4,7,3,6]